[1] Reading Data...
[1] Solving...
Optimize a model with 27931 rows, 595 columns and 55862 nonzeros
Variable types: 0 continuous, 595 integer (595 binary)
Coefficient statistics:
  Matrix range     [1e+00, 1e+00]
  Objective range  [1e+00, 1e+00]
  Bounds range     [0e+00, 0e+00]
  RHS range        [1e+00, 1e+00]
Found heuristic solution: objective 27.0000000
Presolve removed 22790 rows and 0 columns
Presolve time: 0.82s
Presolved: 5141 rows, 595 columns, 30852 nonzeros
Variable types: 0 continuous, 595 integer (595 binary)

Root relaxation: objective 6.671780e+01, 5372 iterations, 3.88 seconds

    Nodes    |    Current Node    |     Objective Bounds      |     Work
 Expl Unexpl |  Obj  Depth IntInf | Incumbent    BestBd   Gap | It/Node Time

     0     0   66.71780    0  500   27.00000   66.71780   147%     -    5s
H    0     0                      28.0000000   66.71780   138%     -    6s
     0     0   35.00000    0  165   28.00000   35.00000  25.0%     -    8s
     0     0   35.00000    0  153   28.00000   35.00000  25.0%     -    8s
     0     0   35.00000    0  174   28.00000   35.00000  25.0%     -    8s
     0     0   35.00000    0  157   28.00000   35.00000  25.0%     -    9s
     0     0   35.00000    0  169   28.00000   35.00000  25.0%     -    9s
     0     0   35.00000    0  151   28.00000   35.00000  25.0%     -   10s
     0     0   35.00000    0  151   28.00000   35.00000  25.0%     -   11s
H    0     0                      31.0000000   35.00000  12.9%     -   11s
     0     0   35.00000    0  133   31.00000   35.00000  12.9%     -   11s
     0     0   35.00000    0  135   31.00000   35.00000  12.9%     -   12s
     0     0   35.00000    0  117   31.00000   35.00000  12.9%     -   13s
     0     0   35.00000    0  148   31.00000   35.00000  12.9%     -   14s
     0     0   35.00000    0  148   31.00000   35.00000  12.9%     -   14s
     0     2   35.00000    0  143   31.00000   35.00000  12.9%     -   18s
    88    69   34.16216   16   89   31.00000   35.00000  12.9%   123   20s
*  524   248              31      32.0000000   35.00000  9.37%  73.9   24s
   690   334   34.50000   21   85   32.00000   35.00000  9.37%  74.6   26s
H  894   297                      33.0000000   35.00000  6.06%  75.0   27s
  1419   412   34.66667   26   98   33.00000   35.00000  6.06%  76.2   30s
  2199   619     cutoff   34        33.00000   35.00000  6.06%  79.9   37s
  2788   744   34.25000   21   82   33.00000   35.00000  6.06%  76.8   40s
  3185   872   34.33333   17  444   33.00000   35.00000  6.06%  77.4   51s
  3187   874   34.55556   25  161   33.00000   35.00000  6.06%  77.4   56s
  3189   875   34.00000   20  102   33.00000   35.00000  6.06%  77.3   60s
  3192   877   34.00000   27  172   33.00000   35.00000  6.06%  77.2   65s
  3195   879   34.87500   24  160   33.00000   35.00000  6.06%  77.2   70s
  3199   882   34.21739   23  154   33.00000   35.00000  6.06%  77.1   75s
  3202   884   34.77778   30  150   33.00000   35.00000  6.06%  77.0   80s
  3205   886   34.92857   11  147   33.00000   35.00000  6.06%  76.9   85s
  3207   890   35.00000   14  137   33.00000   35.00000  6.06%  85.9   96s
  3209   893   35.00000   15  126   33.00000   35.00000  6.06%  85.9  103s
  3217   899   35.00000   16  122   33.00000   35.00000  6.06%  86.2  105s
  3256   911   35.00000   21   72   33.00000   35.00000  6.06%  86.9  110s
  3529   974   35.00000   37   90   33.00000   35.00000  6.06%  85.9  116s
  3729  1010   35.00000   37  102   33.00000   35.00000  6.06%  84.2  122s
  3733   998   35.00000   38   86   33.00000   35.00000  6.06%  84.2  126s
  3916  1068   35.00000   51   81   33.00000   35.00000  6.06%  83.8  132s
  4357  1172   34.41667   85   90   33.00000   35.00000  6.06%  81.9  135s
  5407  1201   34.00000   59   52   33.00000   35.00000  6.06%  79.1  140s
  5851  1223   34.00000   63   56   33.00000   35.00000  6.06%  78.4  155s
  6053  1279   34.00000   43   76   33.00000   35.00000  6.06%  78.7  160s
  6869  1644     cutoff   42        33.00000   35.00000  6.06%  78.8  170s
  7618  2000   34.83333   24   92   33.00000   35.00000  6.06%  78.2  175s
  8589  2335   34.00000   32   50   33.00000   35.00000  6.06%  77.9  181s
  9340  2631   34.30000   39   91   33.00000   35.00000  6.06%  78.2  185s
 10141  2945   35.00000   49   98   33.00000   35.00000  6.06%  78.7  190s
 10936  3237     cutoff   40        33.00000   35.00000  6.06%  78.9  196s
 11435  3407   35.00000   30   97   33.00000   35.00000  6.06%  79.2  201s
 12245  3685   34.71429   28   88   33.00000   35.00000  6.06%  79.5  212s
 12676  3803   34.91667   47  119   33.00000   35.00000  6.06%  80.1  215s
 13714  4282   34.00000   51   67   33.00000   35.00000  6.06%  80.8  221s
 14374  4717   34.00000   61   94   33.00000   35.00000  6.06%  80.4  236s
 14387  4691   34.00000   65   73   33.00000   35.00000  6.06%  80.4  240s
 15373  5032   34.00000   35   68   33.00000   35.00000  6.06%  80.2  246s
 16670  5487     cutoff   45        33.00000   35.00000  6.06%  79.9  252s
 17215  5714   34.00000   39   74   33.00000   35.00000  6.06%  80.0  258s
 17402  5792   34.66667   27   79   33.00000   35.00000  6.06%  80.0  261s
 18409  6243   35.00000   40   60   33.00000   35.00000  6.06%  80.7  267s
 18714  6330   34.00000   46   63   33.00000   35.00000  6.06%  80.6  270s
 19295  6538   34.75000   46   71   33.00000   35.00000  6.06%  80.7  282s
 19299  6498   34.50000   47   88   33.00000   35.00000  6.06%  80.7  285s
*19717   318              52      34.0000000   35.00000  2.94%  80.6  285s
 19817   312   35.00000   20  444   34.00000   35.00000  2.94%  80.6  296s
 19818   313   35.00000   26  181   34.00000   35.00000  2.94%  80.6  300s
 19821   315   35.00000   23  188   34.00000   35.00000  2.94%  80.6  307s
 19822   316   35.00000   31  197   34.00000   35.00000  2.94%  80.6  310s
 19824   317   35.00000   27  215   34.00000   35.00000  2.94%  80.6  317s
 19826   318   35.00000   48  180   34.00000   35.00000  2.94%  80.6  322s
 19828   320   35.00000   36  180   34.00000   35.00000  2.94%  80.6  328s
 19829   320   35.00000   24  190   34.00000   35.00000  2.94%  80.6  330s
 19832   322   35.00000   26  165   34.00000   35.00000  2.94%  80.6  336s
 19835   324   35.00000   34  177   34.00000   35.00000  2.94%  80.5  340s
 19837   326   35.00000   22  169   34.00000   35.00000  2.94%  80.5  346s
 19839   330   35.00000   27  161   34.00000   35.00000  2.94%  82.5  359s
 19841   333   35.00000   28  145   34.00000   35.00000  2.94%  82.5  365s
 19849   338   35.00000   29  123   34.00000   35.00000  2.94%  82.5  372s
 19861   344   35.00000   31   85   34.00000   35.00000  2.94%  82.5  376s
 19878   344   35.00000   33   75   34.00000   35.00000  2.94%  82.5  380s
 19968   337   35.00000   33   82   34.00000   35.00000  2.94%  82.5  390s
 20508   315 infeasible   63        34.00000   35.00000  2.94%  82.2  396s
 20845   264   35.00000   44   60   34.00000   35.00000  2.94%  82.2  404s
 20858   243   35.00000   45   71   34.00000   35.00000  2.94%  82.2  410s
 21244   321   35.00000   52   61   34.00000   35.00000  2.94%  82.2  417s
 21256   264   35.00000   53   52   34.00000   35.00000  2.94%  82.2  420s
 22124   340 infeasible   46        34.00000   35.00000  2.94%  82.0  426s
 22680   325 infeasible   51        34.00000   35.00000  2.94%  82.1  431s
 23159   280 infeasible   40        34.00000   35.00000  2.94%  82.3  436s
 23435   342   35.00000   52   91   34.00000   35.00000  2.94%  82.3  442s
 23780   358 infeasible   52        34.00000   35.00000  2.94%  82.3  447s
 24149   544   35.00000   61  148   34.00000   35.00000  2.94%  82.3  537s
 24151   545   35.00000   39  444   34.00000   35.00000  2.94%  82.2  545s
 24153   547   35.00000   54  156   34.00000   35.00000  2.94%  82.2  551s
 24155   548   35.00000   44  165   34.00000   35.00000  2.94%  82.2  557s
 24156   549   35.00000   54  138   34.00000   35.00000  2.94%  82.2  560s
 24159   551   35.00000   79  130   34.00000   35.00000  2.94%  82.2  565s
 24162   553   35.00000   43  147   34.00000   35.00000  2.94%  82.2  570s
 24165   555   35.00000   41  145   34.00000   35.00000  2.94%  82.2  575s
 24168   557   35.00000   66  165   34.00000   35.00000  2.94%  82.2  583s
 24170   558   35.00000   44  177   34.00000   35.00000  2.94%  82.2  591s
 24173   563   35.00000   40  161   34.00000   35.00000  2.94%  83.6  608s
 24175   564   35.00000   41  125   34.00000   35.00000  2.94%  83.7  614s
 24179   566   35.00000   42  117   34.00000   35.00000  2.94%  83.7  618s
 24183   566   35.00000   42  103   34.00000   35.00000  2.94%  83.7  620s
 24191   569   35.00000   43  107   34.00000   35.00000  2.94%  83.7  625s
 24211   574   35.00000   45  101   34.00000   35.00000  2.94%  83.7  630s
 24225   575   35.00000   47   87   34.00000   35.00000  2.94%  83.7  635s
 24292   572   35.00000   54   84   34.00000   35.00000  2.94%  83.8  646s
 24548   552 infeasible   57        34.00000   35.00000  2.94%  83.8  651s
 25135   537   35.00000   76   90   34.00000   35.00000  2.94%  83.7  657s
 25354   565   35.00000   65   77   34.00000   35.00000  2.94%  83.6  661s
 25393   534   35.00000   66   60   34.00000   35.00000  2.94%  83.6  667s
 25531   485 infeasible   55        34.00000   35.00000  2.94%  83.5  673s
 25641   431   35.00000   70   89   34.00000   35.00000  2.94%  83.5  677s
 25790   401   35.00000   70   84   34.00000   35.00000  2.94%  83.5  684s
 25848   320 infeasible   64        34.00000   35.00000  2.94%  83.4  688s
 26251   419   35.00000   74   87   34.00000   35.00000  2.94%  83.2  691s
 26891   500 infeasible   69        34.00000   35.00000  2.94%  82.9  696s
 27444   491   35.00000   62   56   34.00000   35.00000  2.94%  82.7  701s
 27903   606   35.00000   58   62   34.00000   35.00000  2.94%  82.6  711s
 28217   646   35.00000   75   87   34.00000   35.00000  2.94%  82.6  717s
 28390   629 infeasible   76        34.00000   35.00000  2.94%  82.8  721s
 29010   683   35.00000   58   57   34.00000   35.00000  2.94%  82.7  726s
 29439   628 infeasible   58        34.00000   35.00000  2.94%  82.6  749s
 29659   612   35.00000   50   79   34.00000   35.00000  2.94%  82.9  753s
 29963   645   35.00000   62   58   34.00000   35.00000  2.94%  82.9  757s
 30305   737 infeasible   65        34.00000   35.00000  2.94%  83.0  784s
 30319   655   35.00000   61   56   34.00000   35.00000  2.94%  83.0  789s
 30650   683 infeasible   58        34.00000   35.00000  2.94%  83.0  793s
 31088   747 infeasible   71        34.00000   35.00000  2.94%  83.0  798s
 31484   740 infeasible   83        34.00000   35.00000  2.94%  82.9  800s
 31988   635 infeasible   79        34.00000   35.00000  2.94%  83.2  809s
 32341   725 infeasible   90        34.00000   35.00000  2.94%  83.3  814s
 32694   870   35.00000   83   76   34.00000   35.00000  2.94%  83.5  834s
 32708   779   35.00000   84   76   34.00000   35.00000  2.94%  83.5  839s
 33036   771 infeasible   66        34.00000   35.00000  2.94%  83.5  844s
 33425   758 infeasible   83        34.00000   35.00000  2.94%  83.4  846s
 33599   721 infeasible   86        34.00000   35.00000  2.94%  83.5  851s
 34032   808   35.00000   66   84   34.00000   35.00000  2.94%  83.6  856s
 34570   962 infeasible   70        34.00000   35.00000  2.94%  83.5  862s
 34912   974 infeasible   78        34.00000   35.00000  2.94%  83.4  866s
 35473   943 infeasible   79        34.00000   35.00000  2.94%  83.6  872s
 35794   948   35.00000   74   77   34.00000   35.00000  2.94%  83.5  877s
 36153   944 infeasible   66        34.00000   35.00000  2.94%  83.5  880s
 36348   890 infeasible   66        34.00000   35.00000  2.94%  83.7  885s
 36788   772 infeasible   80        34.00000   35.00000  2.94%  84.3  894s
 37020   740 infeasible   66        34.00000   35.00000  2.94%  84.8  899s
 37292   739 infeasible   70        34.00000   35.00000  2.94%  85.0  904s
 37468   677 infeasible   75        34.00000   35.00000  2.94%  85.3  909s
 37730   691 infeasible   48        34.00000   35.00000  2.94%  85.6  915s
 38102   612 infeasible   66        34.00000   35.00000  2.94%  86.4  923s
 38348   711   35.00000   64   58   34.00000   35.00000  2.94%  86.7  948s
 38353   656   35.00000   65   83   34.00000   35.00000  2.94%  86.7  954s
 38891   778 infeasible   65        34.00000   35.00000  2.94%  86.7  958s
 39096   737   35.00000   58   90   34.00000   35.00000  2.94%  87.0  964s
 39589   829 infeasible   66        34.00000   35.00000  2.94%  86.9  968s
 39799   794 infeasible   66        34.00000   35.00000  2.94%  87.1  974s
 39987   729 infeasible   66        34.00000   35.00000  2.94%  87.6  978s
 40201   703   35.00000   47   93   34.00000   35.00000  2.94%  87.9  985s
 40768   660 infeasible   53        34.00000   35.00000  2.94%  88.4  995s
 40947   639 infeasible   70        34.00000   35.00000  2.94%  88.7 1001s
 41428   716   35.00000   70   99   34.00000   35.00000  2.94%  88.8 1007s
 41776   738 infeasible   67        34.00000   35.00000  2.94%  89.1 1014s
 42125   698 infeasible   59        34.00000   35.00000  2.94%  89.3 1019s
 42422   673 infeasible   68        34.00000   35.00000  2.94%  89.6 1026s
 42661   633 infeasible   58        34.00000   35.00000  2.94%  89.8 1031s
 43143   641 infeasible   62        34.00000   35.00000  2.94%  89.7 1036s
 43347   614   35.00000   57   63   34.00000   35.00000  2.94%  90.0 1042s
 43594   587 infeasible   66        34.00000   35.00000  2.94%  90.4 1047s
 44087   736   35.00000   59   50   34.00000   35.00000  2.94%  90.5 1054s
 44478   899   35.00000   72   94   34.00000   35.00000  2.94%  90.7 1060s
 45142  1215   35.00000   84   83   34.00000   35.00000  2.94%  90.6 1082s
 45146  1158   35.00000   85   54   34.00000   35.00000  2.94%  90.6 1088s
 45880  1354   35.00000   82   71   34.00000   35.00000  2.94%  90.4 1093s
 46078  1322   35.00000   76   77   34.00000   35.00000  2.94%  90.5 1099s
 46436  1374   35.00000   67   85   34.00000   35.00000  2.94%  90.8 1106s
 46802  1415   35.00000   81   87   34.00000   35.00000  2.94%  91.0 1111s
 47493  1401 infeasible   63        34.00000   35.00000  2.94%  90.9 1118s
 47683  1339 infeasible   79        34.00000   35.00000  2.94%  91.2 1124s
 47993  1356 infeasible   62        34.00000   35.00000  2.94%  91.4 1129s
 48270  1370 infeasible   62        34.00000   35.00000  2.94%  91.7 1136s
 48583  1432 infeasible   81        34.00000   35.00000  2.94%  92.0 1142s
 48919  1449   35.00000   66   96   34.00000   35.00000  2.94%  92.4 1148s
 49201  1425   35.00000   52   82   34.00000   35.00000  2.94%  92.8 1152s
 49422  1384 infeasible   61        34.00000   35.00000  2.94%  93.0 1158s
 49670  1373   35.00000   54   85   34.00000   35.00000  2.94%  93.3 1164s
 49888  1370 infeasible   73        34.00000   35.00000  2.94%  93.7 1183s
 49935  1285 infeasible   58        34.00000   35.00000  2.94%  93.8 1189s
 50196  1259 infeasible   74        34.00000   35.00000  2.94%  94.2 1195s
 50562  1150 infeasible   63        34.00000   35.00000  2.94%  94.7 1203s
 50746  1092 infeasible   67        34.00000   35.00000  2.94%  95.0 1208s
 50996  1158   35.00000   55   62   34.00000   35.00000  2.94%  95.3 1216s
 51313  1194 infeasible   93        34.00000   35.00000  2.94%  95.7 1222s
 51583  1158 infeasible   55        34.00000   35.00000  2.94%  96.2 1229s
 51789  1102 infeasible   73        34.00000   35.00000  2.94%  96.6 1236s
 52092  1111 infeasible   54        34.00000   35.00000  2.94%  97.1 1241s
 52265  1043 infeasible   73        34.00000   35.00000  2.94%  97.5 1248s
 52442  1011 infeasible   70        34.00000   35.00000  2.94%  97.8 1256s
 52728  1025   35.00000   53   92   34.00000   35.00000  2.94%  98.2 1264s
 52940  1025   35.00000   90   56   34.00000   35.00000  2.94%  98.5 1280s
 53082   958   35.00000   70   87   34.00000   35.00000  2.94%  98.8 1287s
 53351   967 infeasible   59        34.00000   35.00000  2.94%  99.2 1295s
 53603   942 infeasible   74        34.00000   35.00000  2.94%   100 1300s
 53769   880 infeasible   54        34.00000   35.00000  2.94%   100 1305s
 53927   818 infeasible   66        34.00000   35.00000  2.94%   101 1312s
 54141   776 infeasible   67        34.00000   35.00000  2.94%   101 1319s
 54361   731   35.00000   53   62   34.00000   35.00000  2.94%   101 1327s
 54656   775   35.00000   54   88   34.00000   35.00000  2.94%   102 1340s
 54668   687   35.00000   55   81   34.00000   35.00000  2.94%   102 1346s
 54888   655 infeasible   57        34.00000   35.00000  2.94%   102 1352s
 55107   620 infeasible   58        34.00000   35.00000  2.94%   103 1360s
 55315   578 infeasible   57        34.00000   35.00000  2.94%   103 1367s
 55595   578 infeasible   61        34.00000   35.00000  2.94%   103 1376s
 55790   522 infeasible   63        34.00000   35.00000  2.94%   104 1383s
 56003   488 infeasible   66        34.00000   35.00000  2.94%   104 1392s
 56190   443   35.00000   58   78   34.00000   35.00000  2.94%   105 1400s
 56433   534   35.00000   90  119   34.00000   35.00000  2.94%   105 1408s
 56853   848 infeasible   50        34.00000   35.00000  2.94%   105 1428s
 56866   832   35.00000   68   94   34.00000   35.00000  2.94%   105 1436s
 57219   935   35.00000   61   97   34.00000   35.00000  2.94%   106 1446s
 57571   992   35.00000   65   98   34.00000   35.00000  2.94%   106 1455s
 57911  1007 infeasible   63        34.00000   35.00000  2.94%   107 1463s
 58194   998 infeasible   61        34.00000   35.00000  2.94%   108 1473s
 58526   996 infeasible   85        34.00000   35.00000  2.94%   108 1480s
 58758   972 infeasible   66        34.00000   35.00000  2.94%   109 1489s
 59105  1100   35.00000   76   90   34.00000   35.00000  2.94%   109 1513s
 59110  1042   35.00000   77   67   34.00000   35.00000  2.94%   109 1523s
 59447  1088   35.00000   69   90   34.00000   35.00000  2.94%   110 1534s
 59783  1106   35.00000   66  101   34.00000   35.00000  2.94%   110 1544s
 60113  1106 infeasible   76        34.00000   35.00000  2.94%   111 1553s
 60457  1104 infeasible   72        34.00000   35.00000  2.94%   111 1562s
 60715  1097 infeasible   67        34.00000   35.00000  2.94%   112 1573s
 61031  1082   35.00000   95   79   34.00000   35.00000  2.94%   113 1583s
 61394  1130   35.00000   92  104   34.00000   35.00000  2.94%   113 1592s
 61665  1178 infeasible  107        34.00000   35.00000  2.94%   114 1604s
 61724  1126   35.00000   92   98   34.00000   35.00000  2.94%   114 1614s
 62143  1279 infeasible   71        34.00000   35.00000  2.94%   114 1625s
 62525  1340   35.00000   70   86   34.00000   35.00000  2.94%   115 1636s
 62866  1338 infeasible   79        34.00000   35.00000  2.94%   116 1646s
 63157  1402 infeasible   88        34.00000   35.00000  2.94%   116 1661s
 63180  1323   35.00000   89   80   34.00000   35.00000  2.94%   116 1672s
 63556  1368 infeasible   80        34.00000   35.00000  2.94%   116 1684s
 63930  1467   35.00000   80   99   34.00000   35.00000  2.94%   117 1694s
 64323  1524 infeasible   91        34.00000   35.00000  2.94%   117 1705s
 64752  1573   35.00000   65  101   34.00000   35.00000  2.94%   118 1716s
 65096  1608 infeasible   76        34.00000   35.00000  2.94%   118 1727s
 65455  1722   35.00000   71  103   34.00000   35.00000  2.94%   119 1745s
 65475  1673 infeasible   71        34.00000   35.00000  2.94%   119 1756s
 65950  1815   35.00000   87   99   34.00000   35.00000  2.94%   119 1767s
 66278  1781 infeasible   81        34.00000   35.00000  2.94%   120 1774s
 66474  1721   35.00000   69   91   34.00000   35.00000  2.94%   120 1785s
 66728  1675 infeasible   79        34.00000   35.00000  2.94%   121 1795s
 66940  1629 infeasible   73        34.00000   35.00000  2.94%   121 1806s
 67363  1797 infeasible   69        34.00000   35.00000  2.94%   121 1822s
 67493  1765   35.00000   68   97   34.00000   35.00000  2.94%   122 1834s
 67961  1969   35.00000   99   79   34.00000   35.00000  2.94%   122 1835s
 68063  1941   35.00000   77  102   34.00000   35.00000  2.94%   122 1847s
 68583  2088 infeasible   90        34.00000   35.00000  2.94%   122 1859s
 69038  2121   35.00000   74   96   34.00000   35.00000  2.94%   123 1869s
 69174  2169   35.00000   94   86   34.00000   35.00000  2.94%   123 1870s
 69407  2200 infeasible   85        34.00000   35.00000  2.94%   123 1881s
 69506  2141   35.00000   81   92   34.00000   35.00000  2.94%   123 1891s
 69764  2120 infeasible   64        34.00000   35.00000  2.94%   123 1900s
 69964  2054 infeasible   84        34.00000   35.00000  2.94%   124 1911s
 70341  2071   35.00000   80   66   34.00000   35.00000  2.94%   124 1921s
 70565  2056   35.00000   75   81   34.00000   35.00000  2.94%   124 1938s
 70795  2020   35.00000   59   80   34.00000   35.00000  2.94%   125 1949s
 71074  2024 infeasible   83        34.00000   35.00000  2.94%   125 1960s
 71409  2047 infeasible   87        34.00000   35.00000  2.94%   125 1967s
 71654  2026 infeasible   76        34.00000   35.00000  2.94%   126 1975s
 71878  1977 infeasible   71        34.00000   35.00000  2.94%   126 1984s
 72091  1932 infeasible   66        34.00000   35.00000  2.94%   126 2004s
 72389  1918 infeasible   85        34.00000   35.00000  2.94%   127 2014s
 72635  1927 infeasible   59        34.00000   35.00000  2.94%   127 2027s
 72703  1850 infeasible   82        34.00000   35.00000  2.94%   127 2040s
 73086  1866 infeasible   85        34.00000   35.00000  2.94%   128 2053s
 73489  1880 infeasible   68        34.00000   35.00000  2.94%   128 2065s
 73865  1883   35.00000   75   72   34.00000   35.00000  2.94%   129 2074s
 74129  1907 infeasible   66        34.00000   35.00000  2.94%   129 2086s
 74207  1849   35.00000   84   56   34.00000   35.00000  2.94%   129 2100s
 74689  1924 infeasible   64        34.00000   35.00000  2.94%   130 2111s
 74951  1892 infeasible   67        34.00000   35.00000  2.94%   130 2122s
 75218  1861 infeasible   77        34.00000   35.00000  2.94%   131 2132s
 75511  1907 infeasible   69        34.00000   35.00000  2.94%   131 2146s
 75599  1840 infeasible   77        34.00000   35.00000  2.94%   131 2158s
 76002  1913 infeasible   61        34.00000   35.00000  2.94%   131 2170s
 76327  1896   35.00000   69   55   34.00000   35.00000  2.94%   132 2182s
 76857  1958 infeasible   71        34.00000   35.00000  2.94%   132 2189s
 77097  1934 infeasible   77        34.00000   35.00000  2.94%   132 2195s
 77310  1879 infeasible   77        34.00000   35.00000  2.94%   132 2206s
 77751  1986 infeasible   75        34.00000   35.00000  2.94%   132 2219s
 77903  1912 infeasible   76        34.00000   35.00000  2.94%   132 2225s
 78147  1882 infeasible   73        34.00000   35.00000  2.94%   133 2235s
 78534  1885 infeasible   76        34.00000   35.00000  2.94%   133 2247s
 78852  1851   35.00000   68   81   34.00000   35.00000  2.94%   133 2258s
 79231  1918 infeasible   70        34.00000   35.00000  2.94%   133 2277s
 79498  1888   35.00000   74   90   34.00000   35.00000  2.94%   133 2288s
 79789  1850 infeasible   69        34.00000   35.00000  2.94%   134 2301s
 80166  1918 infeasible   78        34.00000   35.00000  2.94%   134 2313s
 80543  1970 infeasible  106        34.00000   35.00000  2.94%   135 2326s
 80978  2043 infeasible  110        34.00000   35.00000  2.94%   135 2340s
 81171  1979 infeasible   72        34.00000   35.00000  2.94%   135 2352s
 81564  2027 infeasible   72        34.00000   35.00000  2.94%   136 2365s
 81930  2036   35.00000   69   78   34.00000   35.00000  2.94%   136 2377s
 82108  1991 infeasible   65        34.00000   35.00000  2.94%   136 2390s
 82538  2040 infeasible   81        34.00000   35.00000  2.94%   137 2403s
 82963  2073 infeasible   63        34.00000   35.00000  2.94%   137 2416s
 83380  2223 infeasible   63        34.00000   35.00000  2.94%   137 2429s
 83527  2177   35.00000   89  102   34.00000   35.00000  2.94%   138 2444s
 83880  2158 infeasible   62        34.00000   35.00000  2.94%   138 2458s
 84305  2184   35.00000   77  107   34.00000   35.00000  2.94%   139 2466s
 84554  2170 infeasible   63        34.00000   35.00000  2.94%   139 2480s
 84672  2115 infeasible   90        34.00000   35.00000  2.94%   139 2494s
 85124  2170   35.00000  102   95   34.00000   35.00000  2.94%   140 2507s
 85491  2174 infeasible   61        34.00000   35.00000  2.94%   140 2521s
 85863  2205   35.00000   62   54   34.00000   35.00000  2.94%   140 2534s
 86094  2146   35.00000   76   85   34.00000   35.00000  2.94%   141 2545s
 86367  2118   35.00000   82   79   34.00000   35.00000  2.94%   141 2559s
 86859  2228 infeasible   65        34.00000   35.00000  2.94%   141 2573s
 87043  2176   35.00000   76   96   34.00000   35.00000  2.94%   141 2586s
 87356  2136 infeasible   76        34.00000   35.00000  2.94%   142 2597s
 87657  2102 infeasible   57        34.00000   35.00000  2.94%   142 2612s
 88119  2195 infeasible   68        34.00000   35.00000  2.94%   142 2628s
 88254  2122   35.00000   71   70   34.00000   35.00000  2.94%   143 2640s
 88566  2090   35.00000   67   75   34.00000   35.00000  2.94%   143 2650s
 88902  2074 infeasible   58        34.00000   35.00000  2.94%   143 2663s
 89292  2119   35.00000   59   97   34.00000   35.00000  2.94%   144 2679s
 89712  2177   35.00000   83   90   34.00000   35.00000  2.94%   144 2693s
 89891  2153 infeasible   86        34.00000   35.00000  2.94%   144 2708s
 90467  2246 infeasible   79        34.00000   35.00000  2.94%   144 2723s
 90858  2256   35.00000   89   90   34.00000   35.00000  2.94%   145 2734s
 91218  2265 infeasible   64        34.00000   35.00000  2.94%   145 2742s
 91412  2220 infeasible   87        34.00000   35.00000  2.94%   145 2756s
 91546  2158   35.00000   64   62   34.00000   35.00000  2.94%   145 2771s
 92010  2185   35.00000   76   96   34.00000   35.00000  2.94%   146 2776s
 92198  2126   35.00000   83   88   34.00000   35.00000  2.94%   146 2787s
 92455  2081 infeasible   59        34.00000   35.00000  2.94%   146 2796s
 92679  2045   35.00000  110   85   34.00000   35.00000  2.94%   147 2811s
 92850  1970 infeasible   75        34.00000   35.00000  2.94%   147 2821s
 93091  1919 infeasible   73        34.00000   35.00000  2.94%   147 2837s
 93446  1925 infeasible   72        34.00000   35.00000  2.94%   148 2849s
 93760  1942   35.00000   74   80   34.00000   35.00000  2.94%   148 2863s
 93906  1880 infeasible   78        34.00000   35.00000  2.94%   148 2876s
 94206  1851 infeasible   77        34.00000   35.00000  2.94%   149 2888s
 94540  1835   35.00000   67   60   34.00000   35.00000  2.94%   149 2899s
 94790  1842 infeasible   68        34.00000   35.00000  2.94%   149 2914s
 94931  1787   35.00000   63   81   34.00000   35.00000  2.94%   149 2930s
 95312  1829   35.00000   65   64   34.00000   35.00000  2.94%   150 2947s
 95770  1884 infeasible   67        34.00000   35.00000  2.94%   150 2956s
 96077  1867   35.00000   53   80   34.00000   35.00000  2.94%   150 2964s
 96345  1853   35.00000   64   62   34.00000   35.00000  2.94%   150 2979s
 96480  1777 infeasible   67        34.00000   35.00000  2.94%   151 2993s
 96961  1829 infeasible   59        34.00000   35.00000  2.94%   151 3004s
 97238  1780 infeasible   83        34.00000   35.00000  2.94%   151 3012s
 97481  1745 infeasible   52        34.00000   35.00000  2.94%   151 3024s
 97817  1758   35.00000   54   54   34.00000   35.00000  2.94%   152 3038s
 98013  1705 infeasible   59        34.00000   35.00000  2.94%   152 3052s
 98348  1698 infeasible   69        34.00000   35.00000  2.94%   152 3067s
 98826  1763 infeasible   68        34.00000   35.00000  2.94%   153 3078s
 99135  1780 infeasible   73        34.00000   35.00000  2.94%   153 3093s
 99266  1712   35.00000   59   83   34.00000   35.00000  2.94%   153 3104s
 99584  1677 infeasible   68        34.00000   35.00000  2.94%   153 3114s
 99817  1615 infeasible   92        34.00000   35.00000  2.94%   154 3125s
 100170  1596 infeasible   59        34.00000   35.00000  2.94%   154 3137s
 100505  1645   35.00000   50  105   34.00000   35.00000  2.94%   154 3156s
 100813  1701   35.00000   72   79   34.00000   35.00000  2.94%   154 3172s
 101346  1770 infeasible   66        34.00000   35.00000  2.94%   154 3179s
 101559  1713 infeasible   55        34.00000   35.00000  2.94%   155 3185s
 101744  1657 infeasible   63        34.00000   35.00000  2.94%   155 3197s
 102098  1685 infeasible   61        34.00000   35.00000  2.94%   155 3207s
 102345  1670 infeasible   60        34.00000   35.00000  2.94%   155 3228s
 102594  1605   35.00000   82   94   34.00000   35.00000  2.94%   155 3239s
 102894  1592   35.00000   72   88   34.00000   35.00000  2.94%   155 3255s
 103312  1654 infeasible   59        34.00000   35.00000  2.94%   156 3265s
 103611  1620 infeasible   74        34.00000   35.00000  2.94%   156 3276s
 103906  1626 infeasible   73        34.00000   35.00000  2.94%   156 3291s
 104123  1583 infeasible   63        34.00000   35.00000  2.94%   156 3308s
 104512  1576   35.00000  100   97   34.00000   35.00000  2.94%   157 3319s
 104836  1585 infeasible   67        34.00000   35.00000  2.94%   157 3334s
 105312  1641 infeasible   67        34.00000   35.00000  2.94%   157 3349s
 105473  1573   35.00000   59   69   34.00000   35.00000  2.94%   157 3362s
 105815  1570 infeasible   62        34.00000   35.00000  2.94%   158 3375s
 106218  1587   35.00000   62   90   34.00000   35.00000  2.94%   158 3382s
 106418  1543 infeasible   85        34.00000   35.00000  2.94%   158 3394s
 106632  1522   35.00000   73   90   34.00000   35.00000  2.94%   158 3414s
 106876  1502   35.00000   72  103   34.00000   35.00000  2.94%   158 3427s
 107329  1568   35.00000   80   62   34.00000   35.00000  2.94%   158 3435s
 107642  1549 infeasible   81        34.00000   35.00000  2.94%   159 3446s
 107913  1510 infeasible   74        34.00000   35.00000  2.94%   159 3460s
 108359  1609   35.00000   64   73   34.00000   35.00000  2.94%   159 3475s
 108551  1567   35.00000   71   93   34.00000   35.00000  2.94%   159 3489s
 109065  1602 infeasible   65        34.00000   35.00000  2.94%   159 3497s
 109331  1548 infeasible   70        34.00000   35.00000  2.94%   159 3507s
 109723  1538 infeasible   81        34.00000   35.00000  2.94%   159 3515s
 110121  1540 infeasible   78        34.00000   35.00000  2.94%   159 3522s
 110374  1505   35.00000   59   85   34.00000   35.00000  2.94%   159 3534s
 110800  1581   35.00000   64   77   34.00000   35.00000  2.94%   159 3548s
 110932  1528   35.00000   76   74   34.00000   35.00000  2.94%   159 3562s
 111465  1630 infeasible   75        34.00000   35.00000  2.94%   159 3570s
 111747  1619   35.00000   74   58   34.00000   35.00000  2.94%   159 3578s
 112035  1581 infeasible   81        34.00000   35.00000  2.94%   160 3589s
 112407  1591 infeasible   72        34.00000   35.00000  2.94%   160 3597s
 112618  1568 infeasible   76        34.00000   35.00000  2.94%   160 3621s
 112747  1518   35.00000   73   96   34.00000   35.00000  2.94%   160 3634s
 113195  1547 infeasible   68        34.00000   35.00000  2.94%   160 3648s
 113594  1546 infeasible   67        34.00000   35.00000  2.94%   160 3657s
 113896  1508 infeasible   66        34.00000   35.00000  2.94%   160 3670s
 114300  1533   35.00000   57   69   34.00000   35.00000  2.94%   161 3678s
 114542  1486 infeasible   67        34.00000   35.00000  2.94%   161 3689s
 114855  1532 infeasible   63        34.00000   35.00000  2.94%   161 3704s
 114992  1472 infeasible   82        34.00000   35.00000  2.94%   161 3717s
 115498  1509 infeasible   62        34.00000   35.00000  2.94%   161 3728s
*115633     0              63      35.0000000   35.00000  0.00%   161 3728s

Cutting planes:
  Cover: 15
  Clique: 638
  Inf proof: 5

Explored 115960 nodes (18697269 simplex iterations) in 3728.93 seconds
Thread count was 4 (of 4 available processors)

Solution count 7: 35 34 33 ... 27

Optimal solution found (tolerance 1.00e-04)
Best objective 3.500000000000e+01, best bound 3.500000000000e+01, gap 0.0000%
[1] Generating Graphs:
[1] Generating: ./../results/frb35-17-3/frb35-17-3-Green.jpeg
[1] Generating: ./../results/frb35-17-3/frb35-17-3-Blue.jpeg
[1] Generating: ./../results/frb35-17-3/frb35-17-3-Orange.jpeg
[1] Generating: ./../results/frb35-17-3/frb35-17-3-Purple.jpeg
[1] Generating: ./../results/frb35-17-3/frb35-17-3-Pink.jpeg
[1] Generating: ./../results/frb35-17-3/frb35-17-3-Red.jpeg
[1] Done.
